<BorderFile Version="3" Structure="CEREBELLUM" SurfaceNumberOfVertices="28935"><Class Name="Class1" Red="0" Green="0" Blue="0"><Border Name="intraculminateFissure" Red="0" Green="0" Blue="0"><BorderPart Closed="False"><Vertices>27330 27340 27610
 27808 27823 27824
 27765 27776 27777
 27552 27751 27553
 27531 27542 27532
 27243 27255 27244
 26942 26618 26931
 26266 26596 26280
 26252 26265 26253
 25410 25866 25420
 24946 25398 24947
 24418 24934 24935
 23185 23818 23202
 21974 22562 22563
 21357 20721 21350
 19522 20088 19523
 18468 18984 18469
 17496 17960 17497
 17031 17492 17032
 15731 16150 15732
 15724 15725 15729
 15302 15719 15308
 14863 14864 14870
 28771 14856 14862
 14855 14861 14854
 14860 15299 15293
 15297 15298 15304
 15716 15721 16136
 16577 16148 16576
 17025 17030 17485
 17959 17495 17958
 18462 18467 18978
 18986 19520 19521
 20724 20096 20723
 20729 20737 21373
 21993 22589 21994
 23224 23857 23837
 24964 24454 24963
 25436 25880 25437
 26268 26284 26269
 26622 26634 26623
 26990 26974 26989
 27303 27311 27304
 27588 27580 27324
 27337 27352 27619
 27057 27075 27058</Vertices><Weights>0.26656276 0.27161709 0.46182015
 0.71453779 0.27729804 0.00816417
 0.04297963 0.48847653 0.46854384
 0.16381389 0.77587483 0.06031128
 0.04559641 0.5072505  0.44715309
 0.27166048 0.69529708 0.03304244
 0.46564302 0.42290182 0.11145517
 0.09157529 0.81571787 0.09270684
 0.15685183 0.25944191 0.58370627
 0.07468013 0.45489761 0.47042226
 0.02523874 0.50312257 0.47163869
 0.79075511 0.17481383 0.03443106
 0.42119274 0.50269944 0.07610781
 0.34675839 0.42916537 0.22407624
 0.1926896  0.24028628 0.56702412
 0.2304234  0.25158434 0.51799226
 0.77250927 0.06016912 0.16732161
 0.03907994 0.49423028 0.46668978
 0.34574123 0.0357561  0.61850267
 0.07987389 0.89102105 0.02910506
 0.57549556 0.41841721 0.00608723
 0.56678311 0.05883651 0.37438038
 0.04357195 0.11560695 0.8408211 
 0.16595783 0.28482584 0.54921632
 0.07947341 0.42203388 0.49849271
 0.23754012 0.00167669 0.76078319
 0.6330285  0.28749822 0.07947328
 0.37970359 0.4530875  0.16720891
 0.78870793 0.07830835 0.13298373
 0.5662132  0.42661335 0.00717345
 0.21121696 0.67773967 0.11104337
 0.80271336 0.19245134 0.0048353 
 0.17495639 0.18012    0.64492361
 0.09337041 0.83344099 0.0731886 
 0.05780716 0.27016785 0.67202499
 0.1678238  0.70727614 0.12490006
 0.35538398 0.19821511 0.44640092
 0.02793228 0.09913039 0.87293733
 0.68090619 0.08925539 0.22983843
 0.38905132 0.21417365 0.39677503
 0.04499892 0.5965224  0.35847868
 0.54053855 0.20976497 0.24969648
 0.46161591 0.13022182 0.40816227
 0.15979146 0.50846382 0.33174472
 0.12312333 0.65165695 0.22521972
 0.18631574 0.68291161 0.13077265</Weights></BorderPart></Border><Border Name="primaryFissure" Red="0" Green="0" Blue="0"><BorderPart Closed="False"><Vertices>26754 26753 26422
 27085 26739 27068
 26707 27035 27041
 26692 26698 26699
 25970 25976 25977
 25042 25498 25043
 23948 23954 23955
 22654 23304 22655
 22042 22641 22043
 21421 20783 21420
 20146 20777 20147
 19575 19041 19574
 18516 19035 18520
 17545 18014 17549
 17083 16635 17082
 16200 16630 16201
 15780 15369 15779
 15368 14943 15367
 14053 14488 14057
 13611 14051 14052
 13125 13126 13132
 12039 12592 12593
 11496 12037 12038
 10947 11495 10966
  9975 10451  9988
  9513  9987  9988
  9512  9013  9511
  9011  9010  8997
  9509  9983  9984
 10499 10518 10500
 11626 12167 12151
 12163 12660 12661
 11599 12144 11617
 11007 11019 11020
 10472 10975 10473
  9968 10441  9981
 10457  9979 10456
 10454 10950 10455
 10948 11481 10949
 11479 12029 12030
 12586 12598 12597
 12595 13128 13129
 13127 13616 13606
 14490 14055 14489
 14948 14947 14939
 15783 15371 15782
 16197 16204 16632
 17079 17087 17548
 18018 18011 18017
 19039 19032 19038
 20145 20136 20144
 21417 20780 21416
 22038 22047 22631
 23308 22660 23307
 24532 24523 24531
 25500 25513 25501
 26373 26366 25985
 26710 26715 26716
 26744 26731 26743
 26032 26433 26432</Vertices><Weights>0.07835827 0.85213034 0.06951139
 0.23570277 0.10370779 0.66058944
 0.34353914 0.06729458 0.58916628
 0.2158714  0.44673579 0.33739281
 0.05100555 0.6413732  0.30762125
 0.26777932 0.29230084 0.43991984
 0.43936289 0.43331439 0.12732272
 0.16720885 0.73093324 0.10185791
 0.40240437 0.13260379 0.46499185
 0.218734   0.21369719 0.56756881
 0.046025   0.00817858 0.94579642
 0.04103083 0.38945581 0.56951336
 0.26095035 0.3319263  0.40712335
 0.21699134 0.73305877 0.04994989
 0.90267691 0.06461386 0.03270923
 0.06890185 0.43417373 0.49692442
 0.92058651 0.04963074 0.02978275
 0.46750053 0.4722995  0.06019998
 0.01997581 0.85115773 0.12886645
 0.358708   0.10173963 0.53955237
 0.18194052 0.64067474 0.17738475
 0.04652381 0.84870075 0.10477544
 0.47715745 0.10461795 0.41822459
 0.18103902 0.20347696 0.61548402
 0.03570782 0.71714937 0.24714281
 0.15725287 0.84056584 0.00218128
 0.12854705 0.33421486 0.53723809
 0.01115451 0.32531854 0.66352695
 0.31662236 0.60416259 0.07921505
 0.44493004 0.22793355 0.32713641
 0.27298843 0.69575108 0.03126049
 0.37745177 0.56739034 0.05515788
 0.2972296  0.45453261 0.24823779
 0.2325139  0.42665633 0.34082976
 0.68853227 0.1897614  0.12170633
 0.20422734 0.02448666 0.77128601
 0.33573293 0.379451   0.28481607
 0.17376749 0.44461531 0.3816172 
 0.52940269 0.3884374  0.08215991
 0.55276364 0.2398006  0.20743577
 0.03392203 0.2844256  0.68165237
 0.56358631 0.22300961 0.21340409
 0.15377106 0.73924643 0.10698251
 0.02489676 0.71179515 0.26330809
 0.05486461 0.52163186 0.42350353
 0.30558699 0.27428632 0.42012668
 0.18034932 0.142417   0.67723368
 0.2567942  0.24130969 0.50189611
 0.60330458 0.38075554 0.01593987
 0.26325335 0.36250545 0.3742412 
 0.03984388 0.24052698 0.71962914
 0.43101845 0.45982029 0.10916126
 0.8118502  0.1170002  0.0711496 
 0.6310939  0.25939789 0.10950821
 0.00860806 0.7495257  0.24186624
 0.73834626 0.19332024 0.0683335 
 0.67081004 0.19965    0.12953996
 0.12817031 0.78072565 0.09110404
 0.66078862 0.24990139 0.08930999
 0.23176995 0.2881548  0.48007525</Weights></BorderPart></Border><Border Name="superiorPosteriorFissure" Red="0" Green="0" Blue="0"><BorderPart Closed="False"><Vertices>28750 18090 17622
 28747 28750 17164
 16704 16712 16705
 16271 15860 16270
 15442 15860 15443
 15010 14567 15009
 13694 14128 14129
 13225 13224 13217
 12696 12697 12706
 12203 12214 12213
 28338 28339  9679
 28337 10133 10123
  9658 10122  9671
  9670  9168  9657
  9167  8658  9155
  8643  8658  8657
  8114  8656  8125
 28122  7089 28125
  5995  7079  6553
  5396  5994  5995
  4813  5395  5372
  4292  4812  4293
  4292  3774  4291
  3255  3772  3773
  3254  2823  3253
  2821  2822  2838
  2381  2382  2401
  2380  2400  2399
  1925  2379  1926
  1923  1940  1939
  1937  2395  1938
  2853  3287  2854
  3824  3836  3825
  4890  4905  4891
  5505  4915  5504
  5523  6100  5524
  5521  6098  5522
  5519  5518  5501
  5515  6096  5516
  5497  6094  5514
  4369  4902  4912
  3316  3315  3303
  2416  2851  2434
  2832  2392  2812
  2811  2373  2810
  2359  2360  2371
  2359  1908  2358
  2356  2796  2357
  2795  2355  2794
  2793  3224  2794
  2792  3222  3223
  3715  3221  3714
  3712  4240  3713
  3712  4239  4240
  4767  4238  4766
  4764  4791  4765
  5357  5976  5358
  5975  6526  5976
  6525  7049  7050
  7049  7580  7569
  7568  8097  8086
  8625  8624  8613
  9142  9141  9131
 28327 28333 10101
 11102 11116 11115
 12190 12191 12202
 13205 13193 12687
 28694 28695 28698
 15008 15016 15440
 15844 15855 16257
 16267 16277 16694
 17153 17608 17154
 18076 17608 18075</Vertices><Weights>3.12982180e-01 4.44805916e-01 2.42211904e-01
 6.61318428e-02 1.48144865e-01 7.85723292e-01
 8.41262810e-01 1.04222884e-01 5.45143062e-02
 4.12553189e-01 2.31480444e-01 3.55966367e-01
 9.82481077e-01 3.40592050e-03 1.41130025e-02
 3.99670460e-01 2.64326522e-01 3.36003018e-01
 4.99522780e-01 1.22063858e-01 3.78413362e-01
 2.45269402e-01 4.21285188e-01 3.33445410e-01
 2.02190139e-01 3.95172569e-01 4.02637292e-01
 3.52549183e-01 4.38087796e-02 6.03642038e-01
 1.31195100e-01 6.86766382e-01 1.82038519e-01
 6.61183866e-01 1.12145902e-01 2.26670233e-01
 2.02524614e-01 4.30601706e-01 3.66873680e-01
 1.10369065e-01 7.89257967e-02 8.10705138e-01
 5.15873980e-01 2.00427558e-01 2.83698462e-01
 2.55582030e-01 2.39572428e-01 5.04845542e-01
 3.56630923e-01 2.92711899e-01 3.50657178e-01
 4.07309045e-01 3.10084627e-01 2.82606328e-01
 2.15976531e-01 6.95469185e-01 8.85542846e-02
 4.34176372e-01 4.78220750e-01 8.76028777e-02
 4.94291489e-01 3.82557618e-01 1.23150893e-01
 1.30170941e-01 6.35041258e-01 2.34787801e-01
 1.06312106e-01 2.12452122e-01 6.81235772e-01
 1.28114178e-01 4.98575626e-01 3.73310196e-01
 6.09376950e-01 1.08114340e-01 2.82508710e-01
 2.49049574e-01 3.47539964e-01 4.03410461e-01
 1.32358411e-01 5.88013935e-01 2.79627655e-01
 1.30458174e-01 2.73071694e-01 5.96470132e-01
 8.23503269e-01 8.92001737e-02 8.72965569e-02
 3.01603700e-01 4.91901337e-01 2.06494963e-01
 2.91014707e-01 3.98138114e-01 3.10847179e-01
 4.84873834e-01 3.35083453e-02 4.81617821e-01
 3.75543158e-01 1.63054957e-01 4.61401885e-01
 4.95372110e-01 3.34905725e-01 1.69722166e-01
 6.45218733e-01 2.96545005e-01 5.82362622e-02
 1.59459676e-01 3.56213764e-01 4.84326560e-01
 2.71947796e-01 2.35347475e-01 4.92704730e-01
 3.63440147e-01 5.55747932e-01 8.08119212e-02
 8.66926118e-02 5.65212038e-01 3.48095350e-01
 8.56908021e-01 1.37541858e-01 5.55012030e-03
 8.26749061e-02 5.93749344e-01 3.23575749e-01
 1.14499513e-01 8.40972727e-01 4.45277606e-02
 2.10904813e-01 6.44803994e-01 1.44291193e-01
 5.13377108e-01 4.81573574e-02 4.38465535e-01
 2.71019417e-02 3.78101749e-01 5.94796310e-01
 1.95499415e-01 7.97582422e-01 6.91816231e-03
 4.50334289e-02 1.34022748e-01 8.20943823e-01
 3.62101609e-01 1.50449817e-01 4.87448574e-01
 6.31238985e-01 1.71211274e-01 1.97549741e-01
 5.56915182e-01 2.17414677e-01 2.25670141e-01
 2.92931671e-01 4.73364413e-01 2.33703916e-01
 6.21521389e-02 6.86376411e-01 2.51471450e-01
 4.74904807e-02 9.23981594e-04 9.51585538e-01
 1.37349721e-01 8.48463688e-01 1.41865903e-02
 7.12218617e-02 1.37349676e-01 7.91428462e-01
 2.68770283e-01 5.74715467e-01 1.56514250e-01
 5.11293555e-02 4.82130007e-02 9.00657644e-01
 3.44014000e-01 2.47075038e-01 4.08910962e-01
 4.54318913e-01 1.32518591e-01 4.13162496e-01
 2.34092951e-01 5.35738065e-01 2.30168984e-01
 3.15430910e-01 6.63273897e-01 2.12951927e-02
 9.11878440e-01 8.77002339e-02 4.21325944e-04
 4.48881699e-01 1.91924623e-01 3.59193678e-01
 4.00326371e-01 4.52610937e-01 1.47062692e-01
 8.93658935e-04 3.08847347e-01 6.90258994e-01
 5.26220849e-01 3.86446069e-01 8.73330822e-02
 6.92265044e-01 2.25504134e-01 8.22308217e-02
 6.38082233e-03 8.64220879e-01 1.29398299e-01
 1.06845644e-01 1.71439897e-01 7.21714459e-01
 6.45588802e-01 3.31060489e-01 2.33507088e-02
 8.49780673e-02 1.10031474e-01 8.04990459e-01
 2.13309202e-01 4.78406776e-01 3.08284022e-01
 2.32704936e-01 4.64006496e-02 7.20894414e-01</Weights></BorderPart></Border><Border Name="horizontalFissure" Red="0" Green="0" Blue="0"><BorderPart Closed="False"><Vertices>17243 17244 17715
 16341 16778 16349
 15512 15513 15933
 15088 14646 15083
 28710 28712 14646
 28711 28713 28715
 13295 12791 13288
 12290 12791 12302
 12289 12290 12301
 12289 12288 12280
 28349 11757 11767
 28349 11767 10200
  9755 10200  9766
  9272  9273  9754
  9260  9272  9271
  8249  8767  8781
  7735  8249  7753
  7735  7734  7716
  8229  8230  8247
  7198  7713  7217
 28146  7182  6679
  6679  6678  6165
  5022  5609  5608
 28093  3957 28094
  3451  3957  3956
  3000  3015  3435
  2578  3000  2999
 27995 27998  2563
 27991  2123  2561
 27981  1288 27990
 27977 27978   511
 27967   510   511
 27959 27961 27967
 27967  2947 27971
  2946  3380  2947
  2945  3378  3379
  3378  3358  3377
  3356  3870  3357
  4947  4410  4946
  4944  5532  5533
  4925  5518  4926
  5530  5529  5515
  4407  4406  4393
  3368  3881  3369
  2937  3368  2938
  2917  2937  2936
  2490  2917  2509
  2044  2508  2063
  2043  2044  2063
  2043  2063  2062
 28049  2062  2077
 28046 28047  2077
 28045  2107 28053
 28059 28065  1283
  1298  2149  1297
 28074  2149 28079
 28079  2119  1707
  2133  2132  2118
  2570  2569  2131
  2568  2569  2994
  3006  3007  3443
  3442  3443  3950
  3965  3966  4473
  4472  5031  5019
  5619  5618  5030
  6189  6188  6174
  6699  6709  7208
  7225  7743  7742
  8239  8257  8269
  9281  9280  8789
  9773  9763  9290
 10217 10218 10222
 11214 11215 11223
 11774 12304 12295
 12792 12803 13297
 14213 14210 13773
 15094 15092 14651
 15940 15939 15936</Vertices><Weights>0.05786394 0.36120868 0.58092737
 0.42519466 0.00268716 0.57211819
 0.18454317 0.50796108 0.30749575
 0.54989979 0.01345955 0.43664067
 0.03606224 0.01883997 0.94509779
 0.35774304 0.18522332 0.45703364
 0.49647363 0.06774123 0.43578514
 0.41687602 0.3054212  0.27770278
 0.60583109 0.20023276 0.19393615
 0.08649413 0.78929302 0.12421285
 0.09905005 0.41504746 0.4859025 
 0.18504525 0.05329301 0.76166174
 0.52887597 0.02713785 0.44398618
 0.41145306 0.10784877 0.48069817
 0.40760179 0.299519   0.2928792 
 0.08600345 0.42273677 0.49125979
 0.19854667 0.44522808 0.35622525
 0.22948686 0.60211598 0.16839716
 0.41300662 0.36810981 0.21888357
 0.56409855 0.16676277 0.26913868
 0.49676687 0.39341256 0.10982057
 0.01170142 0.0439702  0.94432838
 0.48122104 0.04163748 0.47714148
 0.04403171 0.1492057  0.80676259
 0.35145738 0.11378421 0.53475841
 0.17281153 0.41260898 0.41457948
 0.24466493 0.31911104 0.43622402
 0.35697629 0.02522003 0.61780368
 0.82171208 0.02877522 0.1495127 
 0.84474662 0.09412144 0.06113194
 0.68406118 0.08244249 0.23349633
 0.15017577 0.51180246 0.33802178
 0.51593847 0.13698939 0.34707214
 0.0825726  0.19579474 0.72163266
 0.03250402 0.78057528 0.1869207 
 0.44447683 0.12600567 0.4295175 
 0.17843541 0.74345732 0.07810726
 0.20769641 0.30272161 0.48958198
 0.08502183 0.80793273 0.10704544
 0.1705574  0.4950483  0.33439431
 0.22883558 0.42865265 0.34251178
 0.31408429 0.18834735 0.49756836
 0.126818   0.84547236 0.02770965
 0.23980432 0.22390003 0.53629565
 0.65108474 0.06754749 0.28136777
 0.1837294  0.14807385 0.66819675
 0.29872643 0.0427861  0.65848748
 0.1052331  0.88900422 0.00576268
 0.25494097 0.06442077 0.68063826
 0.15311128 0.04187041 0.80501831
 0.66807215 0.10874249 0.22318536
 0.18750342 0.32676838 0.4857282 
 0.7298178  0.22706265 0.04311955
 0.05309878 0.93874294 0.00815828
 0.59360101 0.27092171 0.13547728
 0.41055359 0.24416841 0.345278  
 0.07733121 0.8369272  0.08574159
 0.10276519 0.84440355 0.05283126
 0.28090285 0.17885833 0.54023882
 0.00336519 0.338706   0.65792881
 0.42272015 0.5665694  0.01071046
 0.27853822 0.0957189  0.62574288
 0.68347533 0.16677484 0.14974983
 0.39703473 0.37304088 0.22992439
 0.67655129 0.20935047 0.11409824
 0.34006986 0.26363264 0.3962975 
 0.5294127  0.45828112 0.01230619
 0.5464044  0.34975098 0.10384462
 0.65665252 0.24465117 0.09869631
 0.2629947  0.03672365 0.70028166
 0.42474326 0.30281402 0.27244272
 0.61200342 0.05885936 0.32913722
 0.27407911 0.53076183 0.19515906
 0.54877648 0.37662719 0.07459633
 0.19984127 0.01647439 0.78368434
 0.03988663 0.34583868 0.61427468
 0.23050835 0.45667525 0.3128164 
 0.46088216 0.05140393 0.48771391</Weights></BorderPart></Border><Border Name="ansioparamedianFissure" Red="0" Green="0" Blue="0"><BorderPart Closed="False"><Vertices>16793 16787 16355
 22831 23481 22832
 23495 24091 23496
 23506 23516 23507
 22862 23517 22873
 22270 22280 22271
 21708 21695 21707
 20442 21076 21091
 19812 20442 20452
 19268 19823 19278
 18239 18746 18249
 17286 17759 17293
 15969 16392 16391
 15126 15548 15556
 14255 14690 14265
 13818 13828 13827
 12899 13382 12917
 12898 12899 12916
 11860 12409 11871
 11304 11870 11315
 10776 11314 10787
 10314 10315 10786
  9867  9868 10314
  9401  9400  9387
  8911  9400  9399
  7890  8406  8405
  7345  7873  7889
  6833  7366  6861
  6330  6331  6831
  5799  5800  6329
  5195  5765  5232
  4663  4664  5193
  4662  4661  4624
  4146  4147  4173
  3662  3663  4145
  3631  3632  3660
  3177  3629  3599
  3175  3174  3145
  3142  3143  3574
  3104  3543  3542
  3078  3090  3528
  3506  3505  3066
  3496  3497  4004
  3478  3995  3989
  5561  5562  5573
  5547  5558  5557
  3968  3969  3980
  3038  3477  3046
  3485  3486  3494
  3503  3504  3513
  3088  3526  3525
  3539  4042  3555
  3553  3554  3572
  3569  3570  3591
  3624  3623  3590
  3621  3622  3655
  4131  4130  3653
  4163  4162  3672
  4161  4675  4642
  4673  5208  5207
  4671  4672  5206
  4669  4670  5204
  5202  5203  5234
  5775  5776  5803
  6337  6336  5802
  6314  6315  6335
  6314  6313  6299
  6297  6312  6807
  6805  6806  7323
  7322  7334  7865
  7864  8382  8381
  8891  8890  8381
  9849  9848  9379
  9848 10306 10298
 10770 10778 11298
 11854 11853 11297
 12878 12879 12889
 13367 13820 13813
 14686 14685 14251
 15544 15539 15122
 16381 16376 15959
 16819 16824 17282
 17745 17746 18233
 18739 18732 18233
 18732 18739 19260
 19260 19815 19814
 20445 20437 20444
 21077 21062 20445</Vertices><Weights>0.48171377 0.49411895 0.02416728
 0.0989262  0.65812602 0.24294778
 0.31858179 0.4005059  0.2809123 
 0.36850208 0.20803352 0.42346441
 0.10240338 0.2178671  0.67972952
 0.4415992  0.21667    0.3417308 
 0.303831   0.49274354 0.20342547
 0.21706319 0.71791475 0.06502207
 0.68535906 0.08185356 0.23278737
 0.43196891 0.25639796 0.31163314
 0.25957886 0.33981436 0.40060678
 0.37114076 0.13968036 0.48917889
 0.10794967 0.73751917 0.15453115
 0.68837729 0.20127097 0.11035173
 0.0397336  0.22023328 0.74003312
 0.15989669 0.07427279 0.76583052
 0.29067142 0.69441877 0.01490981
 0.67422988 0.02182836 0.30394176
 0.29025713 0.07620654 0.63353633
 0.28322386 0.22112284 0.4956533 
 0.27566075 0.51015073 0.21418852
 0.42927276 0.49766411 0.07306314
 0.72453488 0.20749658 0.06796853
 0.37037235 0.43076029 0.19886736
 0.78420312 0.07766221 0.13813468
 0.11049196 0.62318328 0.26632475
 0.24966917 0.19093987 0.55939096
 0.48748641 0.02334159 0.489172  
 0.13254537 0.44327939 0.42417524
 0.0158126  0.76885037 0.21533703
 0.10375275 0.32096691 0.57528035
 0.25617566 0.09745786 0.64636648
 0.13678202 0.44893214 0.41428584
 0.10300718 0.79373034 0.10326248
 0.82583141 0.07964507 0.09452352
 0.6067316  0.29108138 0.10218703
 0.3578823  0.47241545 0.16970226
 0.08289303 0.82902695 0.08808002
 0.43958073 0.25422385 0.30619542
 0.56632008 0.42157828 0.01210164
 0.57097069 0.11671621 0.3123131 
 0.70199715 0.19962724 0.09837561
 0.43243207 0.55251906 0.01504887
 0.02849838 0.29653738 0.67496424
 0.18698347 0.5986638  0.21435273
 0.35248628 0.26378726 0.38372645
 0.62163968 0.27224986 0.10611046
 0.02544916 0.88521317 0.08933767
 0.72913898 0.07932795 0.19153307
 0.14290073 0.57401151 0.28308775
 0.03714105 0.93723249 0.02562646
 0.72961078 0.05379473 0.21659449
 0.46302164 0.52403133 0.01294703
 0.15338192 0.73851145 0.10810663
 0.02367523 0.28627665 0.69004812
 0.19551006 0.45339124 0.3510987 
 0.19741681 0.44365374 0.35892946
 0.33520055 0.46746285 0.1973366 
 0.14928954 0.61913362 0.23157684
 0.9170287  0.07265528 0.01031602
 0.60434979 0.06041288 0.33523734
 0.33785415 0.25964118 0.40250468
 0.43572245 0.07111216 0.49316538
 0.05589603 0.17254173 0.77156224
 0.20727435 0.72030953 0.07241612
 0.31628816 0.38699814 0.2967137 
 0.10762556 0.49915056 0.39322388
 0.56913437 0.31455867 0.11630696
 0.25294323 0.53846326 0.20859352
 0.68613101 0.1005449  0.21332409
 0.770408   0.01141576 0.21817624
 0.05222172 0.77231375 0.17546453
 0.18292987 0.05690775 0.76016238
 0.43281645 0.112179   0.45500455
 0.48022735 0.14090274 0.37886991
 0.79816052 0.19910725 0.00273223
 0.22672815 0.30294359 0.47032825
 0.3595078  0.51166929 0.12882291
 0.40560853 0.24342933 0.35096213
 0.23180332 0.38859705 0.37959963
 0.42568154 0.06554013 0.50877834
 0.26817658 0.1128904  0.61893302
 0.19155498 0.36827071 0.44017431
 0.16783156 0.51632285 0.31584559
 0.17609044 0.02432085 0.79958872
 0.19091135 0.40275522 0.40633343
 0.37871492 0.0013102  0.61997488
 0.2651844  0.43471879 0.30009681</Weights></BorderPart></Border><Border Name="prebiventerFissure" Red="0" Green="0" Blue="0"><BorderPart Closed="False"><Vertices>21697 21696 21063
 21678 21697 22273
 22247 22261 22248
 24605 24071 24604
 24648 24670 24649
 24719 24702 24718
 23568 24180 24198
 22958 22944 22957
 22335 22323 22334
 21145 21146 21770
 19879 19880 20506
 18798 18799 19333
 17808 17328 17795
 16419 16866 16878
 16007 16430 16429
 15598 15178 15584
 14731 14747 14746
 14317 14316 13903
 13902 13476 13868
 12993 13476 13475
 11922 11923 12465
 11374 11375 11922
 10851 10852 11373
 10387 10388 10851
  9920  9921  9952
  9459  9458  8977
  8976  8975  8481
  8478  8479  8973
  8445  8446  8477
  8444  8443  7937
  7935  7936  8442
  7933  7934  8440
  8419  8418  7905
  7379  7380  7903
  7342  7357  7884
  7329  7341  7871
  6799  6800  7315
  7303  7294  6786
  7293  7286  6775
  7810  7804  7277
  5004  5598  5591
  6124  6134  6133
  5581  6131  5590
  7260  7802  7269
  7819  7284  7809
  7827  7292  7818
  7301  7302  7835
  7844  8361  7856
  8385  7869  8371
  7882  8398  8397
  7899  7900  8413
  8435  8434  7931
  7929  7930  8433
  7958  7959  8470
  8490  8489  8469
  8488  8489  8990
  8989  8988  8487
  9472  9471  8987
  9470  9957  9933
  9955  9956 10393
  9954 10392 10391
 10390 10856 10855
 10853 10854 11379
 11359 11378 11377
 11358 11376 11924
 11910 12455 12454
 12453 12980 12979
 13449 13450 13874
 13873 14306 14305
 14734 15169 15168
 15579 16001 16000
 16422 16869 16868
 17789 17797 17798
 18788 18779 18278
 19302 19310 19859
 20474 20482 20475
 21106 21119 21107
 22306 22305 21727
 22904 22921 22905
 23544 23557 23545
 24137 24124 24136
 24110 24124 24111</Vertices><Weights>0.1574404  0.03469461 0.807865  
 0.58579175 0.04449137 0.36971687
 0.44246638 0.47559553 0.08193809
 0.07077027 0.59739733 0.3318324 
 0.27369077 0.62594773 0.1003615 
 0.748814   0.15066668 0.10051931
 0.18330702 0.06445311 0.75223987
 0.01485581 0.92525177 0.05989242
 0.26086332 0.2240875  0.51504918
 0.33071857 0.30126179 0.36801964
 0.47813791 0.25598889 0.26587321
 0.2463751  0.5615941  0.1920308 
 0.97800809 0.00113826 0.02085366
 0.16661407 0.38592149 0.44746444
 0.75905095 0.16443028 0.07651876
 0.05976139 0.3589535  0.58128512
 0.08162887 0.90502171 0.01334941
 0.65517787 0.32573782 0.01908431
 0.47202472 0.30335321 0.22462207
 0.89750767 0.04780471 0.05468763
 0.20681385 0.22020231 0.57298385
 0.76772811 0.03556812 0.19670377
 0.02009622 0.77807339 0.20183038
 0.5855478  0.37462206 0.03983014
 0.76124393 0.13398554 0.10477053
 0.18706294 0.63986642 0.17307063
 0.072067   0.79076352 0.13716948
 0.16784455 0.60686428 0.22529117
 0.09294162 0.48605042 0.42100796
 0.73458482 0.03287763 0.23253755
 0.3322724  0.37002352 0.29770408
 0.49987034 0.45975689 0.04037277
 0.48731496 0.08350729 0.42917775
 0.17488341 0.07339376 0.75172282
 0.12586129 0.80324297 0.07089573
 0.66272108 0.32999623 0.00728269
 0.04838727 0.26133153 0.6902812 
 0.43829752 0.14401641 0.41768607
 0.1771323  0.60181249 0.22105521
 0.22056296 0.17629552 0.60314152
 0.05263294 0.3703428  0.57702426
 0.15370616 0.83780842 0.00848542
 0.15386883 0.42376252 0.42236866
 0.33449954 0.30875314 0.35674732
 0.1877622  0.22455305 0.58768475
 0.20090368 0.11853178 0.68056455
 0.17484462 0.29627776 0.52887762
 0.58199007 0.18922687 0.22878306
 0.06876374 0.58864375 0.34259251
 0.68673532 0.29164984 0.02161484
 0.48626897 0.10478064 0.40895039
 0.22164724 0.05622012 0.72213264
 0.45423344 0.02347629 0.52229027
 0.06069616 0.66349413 0.27580972
 0.08115199 0.08602809 0.83281991
 0.7821537  0.13866956 0.07917675
 0.08139356 0.75455357 0.16405286
 0.08024469 0.6426519  0.27710341
 0.49246809 0.44587412 0.06165779
 0.38577182 0.54991333 0.06431486
 0.05445419 0.54653877 0.39900704
 0.49751555 0.20317296 0.2993115 
 0.22692455 0.59436388 0.17871158
 0.23410281 0.61851502 0.14738217
 0.3842839  0.1419616  0.4737545 
 0.0712627  0.55440772 0.37432958
 0.06786543 0.42007837 0.51205621
 0.19975877 0.54383309 0.25640813
 0.14301316 0.25623877 0.60074807
 0.08476717 0.12386752 0.79136532
 0.06057226 0.74925346 0.19017428
 0.0358818  0.25404934 0.71006885
 0.06215512 0.44517042 0.49267446
 0.0643677  0.50196723 0.43366508
 0.56789858 0.31085753 0.12124389
 0.43357781 0.56497506 0.00144713
 0.10328374 0.31580026 0.580916  
 0.2097697  0.20842618 0.58180412
 0.14888879 0.76890652 0.08220468
 0.09353804 0.50774835 0.39871361
 0.6186588  0.02782895 0.35351226
 0.20208155 0.10880222 0.68911622</Weights></BorderPart></Border><Border Name="intrabiventerFissure" Red="0" Green="0" Blue="0"><BorderPart Closed="False"><Vertices>23486 23501 24076
 25644 25625 25643
 26145 26156 26146
 25756 25781 25757
 24810 25307 24843
 23669 23670 24305
 22384 22385 23034
 21188 21189 21816
 20561 20560 19928
 19391 19956 19955
 18333 18858 18857
 18370 18369 17867
 17382 17383 17866
 16915 17382 16949
 16502 16501 16071
 15654 15655 16070
 15241 15654 15653
 14821 14822 15240
 14394 14395 14820
 13511 13959 13958
 13511 13510 13035
 13032 13033 13509
 12478 13007 13006
 11933 12477 12476
 11916 12461 12460
 11346 11347 11902
 11889 11888 11333
 11322 11323 11878
 11312 11311 10784
 11302 11301 10775
 10764 10765 11291
 10742 10749 11278
 10729 11263 11252
 28216 10712 10727
 10241 10240  9797
  9320  9795  9794
  9791  9792 10235
 28296 10700 11229
 10717 10734 10735
 10747 10748 11277
 10292 10763 10300
 10782 10781 10310
 10791 10792 11319
 11330 11885 11899
 11343 11898 11897
 12457 12458 12983
 12456 12457 12982
 12474 13002 13001
 12473 13000 12506
 12505 13031 13030
 13028 13504 13503
 13502 13950 13949
 14363 14364 14784
 14782 14783 15207
 15206 15623 15622
 16476 16475 16043
 16475 16449 16474
 16901 16902 17363
 18345 18344 17843
 18320 18838 18837
 19354 19369 19355
 20540 21197 21196
 21175 21797 21796
 22367 22391 22368
 22988 22989 23641
 24229 24243 24244
 24753 24767 24768
 24738 25247 25235
 25187 25208 25649</Vertices><Weights>3.51862772e-01 9.58197994e-02 5.52317429e-01
 6.65684399e-01 1.96925959e-01 1.37389642e-01
 2.51807809e-01 1.11238840e-01 6.36953352e-01
 3.12115599e-01 2.07153102e-01 4.80731300e-01
 2.85590289e-01 1.77155082e-01 5.37254630e-01
 6.02801987e-01 6.98651086e-02 3.27332905e-01
 6.55808387e-01 1.28969259e-01 2.15222354e-01
 1.11403429e-01 4.17516775e-01 4.71079796e-01
 7.14808549e-01 2.49794826e-01 3.53966249e-02
 3.43184218e-01 5.39970727e-01 1.16845056e-01
 4.26221586e-01 1.10740364e-01 4.63038050e-01
 3.20028462e-01 5.30690432e-01 1.49281106e-01
 3.17930319e-01 4.35917395e-01 2.46152286e-01
 2.86280380e-01 1.42313488e-02 6.99488272e-01
 4.72686248e-01 3.02747868e-01 2.24565884e-01
 1.75926738e-01 5.17974068e-01 3.06099194e-01
 8.78591231e-01 9.78761417e-02 2.35326277e-02
 6.45229978e-01 1.74296553e-01 1.80473469e-01
 3.73441726e-01 5.80331497e-01 4.62267770e-02
 3.68693995e-02 8.73993915e-01 8.91366852e-02
 5.79941744e-02 8.91074188e-01 5.09316375e-02
 1.98693378e-01 5.56348974e-01 2.44957648e-01
 2.00527735e-01 4.66359490e-01 3.33112775e-01
 2.52259008e-01 3.49087065e-01 3.98653927e-01
 4.78681753e-01 2.12777749e-01 3.08540498e-01
 1.48688761e-02 3.52568844e-02 9.49874239e-01
 1.46571494e-01 3.40100981e-01 5.13327526e-01
 2.28777550e-01 6.60455297e-01 1.10767153e-01
 5.04766557e-01 3.94119239e-01 1.01114204e-01
 5.55710347e-02 3.50654849e-01 5.93774117e-01
 2.99453226e-01 3.39170145e-01 3.61376629e-01
 2.19571070e-01 4.75478144e-02 7.32881116e-01
 7.60103357e-01 7.11441555e-02 1.68752488e-01
 5.20490569e-02 1.17684001e-01 8.30266942e-01
 6.96136099e-01 9.59845378e-02 2.07879364e-01
 1.16793843e-01 3.59327878e-01 5.23878278e-01
 7.11370996e-01 2.20663580e-03 2.86422368e-01
 6.10562116e-01 1.06142521e-01 2.83295363e-01
 5.07778350e-01 2.97309748e-01 1.94911902e-01
 1.41231039e-01 4.05469719e-01 4.53299241e-01
 4.00258628e-01 4.58022281e-01 1.41719091e-01
 6.11721013e-01 2.67972748e-02 3.61481713e-01
 2.12584242e-01 1.90280348e-01 5.97135410e-01
 4.96019824e-01 1.92046191e-01 3.11933985e-01
 1.51901646e-05 6.33500846e-01 3.66483964e-01
 9.41501474e-02 8.06798148e-01 9.90517048e-02
 7.67391017e-01 1.27589810e-01 1.05019173e-01
 3.50167161e-01 5.09596145e-01 1.40236694e-01
 3.57031780e-01 2.39864437e-01 4.03103784e-01
 4.46982058e-02 5.48365336e-03 9.49818141e-01
 1.01215415e-01 8.03525911e-01 9.52586738e-02
 1.52626711e-01 7.48088792e-01 9.92844969e-02
 7.39026227e-01 2.31525109e-01 2.94486637e-02
 4.75543467e-01 4.00384525e-01 1.24072007e-01
 3.63957581e-01 2.22865170e-01 4.13177249e-01
 8.84650491e-02 1.83882928e-01 7.27652023e-01
 2.49232016e-02 9.37195256e-01 3.78815419e-02
 5.78459943e-02 2.76490103e-01 6.65663903e-01
 2.22307113e-02 4.71307927e-01 5.06461362e-01
 4.90944338e-01 4.00783900e-01 1.08271762e-01
 6.40209519e-01 9.30918490e-02 2.66698632e-01
 7.35616511e-01 8.50915943e-02 1.79291894e-01
 4.78627877e-01 4.34793205e-01 8.65789182e-02
 2.39356947e-01 1.50631188e-01 6.10011865e-01
 1.03311193e-01 3.31389568e-01 5.65299239e-01
 3.43216586e-01 2.74259149e-01 3.82524265e-01
 1.08750000e-01 2.95382250e-01 5.95867750e-01
 1.68180380e-01 2.19454882e-01 6.12364738e-01
 9.56902386e-02 3.50399216e-01 5.53910546e-01</Weights></BorderPart></Border><Border Name="secondaryFissure" Red="0" Green="0" Blue="0"><BorderPart Closed="False"><Vertices>25150 24658 25149
 24782 24809 25296
 24834 24849 24835
 24331 24317 24330
 23742 23731 23741
 23106 23099 22479
 21880 21890 21881
 20624 20625 21280
 19446 20010 20009
 18920 18919 18412
 16979 17436 17435
 16537 16536 16516
 15678 15679 16091
 14809 14810 15228
 14809 14808 14766
 13896 14312 13930
 13467 13468 13895
 12967 12968 13439
 12947 12946 12929
 12403 12416 12911
 12370 12380 12871
 12818 14214 14220
 13330 13794 13788
 13325 13326 13338
 12867 12868 12882
 12906 12905 12893
 12941 12942 13410
 13429 13430 13458
 13917 13916 13881
 14328 14329 14371
 14838 14837 14794
 15255 15685 15664
 16525 16524 16099
 16985 17442 17441
 17915 18418 18417
 19437 19451 19438
 20632 20615 20631
 21888 21887 21273
 22476 22459 22475
 23063 23082 23064
 23708 23689 23707
 24294 24264 24293
 24218 24232 24219</Vertices><Weights>9.90782762e-02 3.49217076e-01 5.51704648e-01
 6.05399116e-01 2.96683101e-01 9.79177831e-02
 1.33101684e-01 6.95221911e-01 1.71676405e-01
 4.38869505e-01 3.80401589e-01 1.80728906e-01
 8.37871574e-02 5.60736855e-01 3.55475988e-01
 3.99914388e-01 5.75399020e-01 2.46865918e-02
 5.91433926e-01 3.10420581e-01 9.81454927e-02
 1.41831182e-01 8.03823609e-01 5.43452088e-02
 4.55126825e-01 5.44861364e-01 1.18112083e-05
 3.95773788e-02 1.22822125e-01 8.37600496e-01
 2.25766842e-01 6.76989163e-01 9.72439952e-02
 7.75381629e-04 4.86780883e-01 5.12443735e-01
 6.35745649e-01 1.49485682e-01 2.14768669e-01
 4.12674226e-02 6.30644509e-03 9.52426132e-01
 1.30602594e-02 1.62967030e-01 8.23972711e-01
 1.44586416e-01 1.15649371e-02 8.43848647e-01
 5.71606061e-01 3.16940616e-01 1.11453323e-01
 7.43891442e-01 5.71807730e-02 1.98927785e-01
 5.01074199e-01 5.40352396e-02 4.44890562e-01
 6.33578092e-01 1.23202835e-01 2.43219073e-01
 4.07241808e-01 4.49533615e-01 1.43224577e-01
 6.02271353e-01 2.33673861e-01 1.64054786e-01
 3.94898599e-01 6.00746145e-01 4.35525545e-03
 4.30498115e-01 4.67239796e-01 1.02262088e-01
 2.59623162e-01 7.17107797e-01 2.32690411e-02
 6.05582205e-01 7.06345766e-02 3.23783219e-01
 3.83186608e-01 3.29949000e-01 2.86864392e-01
 1.84910602e-01 2.63109559e-01 5.51979839e-01
 4.34512681e-01 4.85476466e-02 5.16939673e-01
 1.35903274e-01 4.59226376e-01 4.04870350e-01
 2.62705980e-01 1.99847494e-01 5.37446526e-01
 3.94358922e-01 2.86373916e-01 3.19267161e-01
 4.01306757e-01 1.36001199e-01 4.62692044e-01
 9.19909615e-01 4.11623111e-02 3.89280735e-02
 4.18383612e-01 5.33723601e-01 4.78927868e-02
 1.11103642e-01 7.46722141e-01 1.42174217e-01
 6.86100413e-01 1.26939946e-01 1.86959642e-01
 8.19860802e-01 7.00825891e-02 1.10056609e-01
 1.43446059e-01 6.11296841e-01 2.45257100e-01
 4.55219193e-01 2.74796403e-01 2.69984404e-01
 3.10770264e-01 6.56078917e-02 6.23621844e-01
 2.02858791e-01 1.28064023e-01 6.69077186e-01
 1.03950151e-01 5.99478031e-01 2.96571818e-01</Weights></BorderPart></Border><Border Name="posteriorlateralFissure" Red="0" Green="0" Blue="0"><BorderPart Closed="False"><Vertices>24188 24204 24205
 28580 18646 19166
 20887 20278 20886
 28685 19680 19174</Vertices><Weights>0.5964355  0.32764575 0.07591874
 0.05586517 0.19345503 0.7506798 
 0.68484061 0.11777521 0.19738418
 0.44890496 0.15410983 0.39698521</Weights></BorderPart><BorderPart Closed="False"><Vertices>28671 28672 28673
 22878 22891 22892</Vertices><Weights>0.69093479 0.06203714 0.24702807
 0.46979737 0.46846858 0.06173405</Weights></BorderPart><BorderPart Closed="False"><Vertices>22857 23510 22867
 24160 24176 24177</Vertices><Weights>0.52752429 0.01319699 0.45927872
 0.26047632 0.45366697 0.28585671</Weights></BorderPart></Border></Class></BorderFile>